1110001000
111
0
011101
0000110
0110111010

1
10111100

1110111010
1110001100
111
0
011101
0000110
0110111000

1
10111100

1110111000
1110010011
111
0
011101
0000110
0110110111

1
10111100

1110110111
1110011110
111
0
011101
0000110
0110110110

1
10111100

1110110110
1110010001
111
0
011101
0000110
0110110101

1
10111100

1110110101
1110011000
111
0
011101
0000110
0110110100

1
10111100

1110110100
1110101011
1
10
111110010111
1
10
111110011010
1
10
11111011111
1
10
111110010100
1
10
111110011010
1
10
111110000110
1
10
11111011111
1
10
111110010110
1
10
111110001100
1
10
11111011111
1
10
111110101000
1
10
111110011010
1
10
111110100000
1
10
111110011110
1
10
111110001101
1
10
111110011010
1
10
111110100000
1
10
111110110001
1
10
111110011110
1
10
111110001100
1
10
111110001010
1
10
111110001100
1
10
111110110
1
10
11






1110111100
1110001000
0
111110001101
0
111110010000
0
111110010001
0
111110011000
0
11



