0001110111
000
1
100010
1111001
1001000101

0
01000011

0001000101
0001110011
000
1
100010
1111001
1001000111

0
01000011

0001000111
0001101100
000
1
100010
1111001
1001001000

0
01000011

0001001000
0001100001
000
1
100010
1111001
1001001001

0
01000011

0001001001
0001101110
000
1
100010
1111001
1001001010

0
01000011

0001001010
0001100111
000
1
100010
1111001
1001001011

0
01000011

0001001011
0001010100
0
01
000001101000
0
01
000001100101
0
01
00000100000
0
01
000001101011
0
01
000001100101
0
01
000001111001
0
01
00000100000
0
01
000001101001
0
01
000001110011
0
01
00000100000
0
01
000001010111
0
01
000001100101
0
01
000001011111
0
01
000001100001
0
01
000001110010
0
01
000001100101
0
01
000001011111
0
01
000001001110
0
01
000001100001
0
01
000001110011
0
01
000001110101
0
01
000001110011
0
01
000001001
0
01
00






0001000011
0001110111
1
000001110010
1
000001101111
1
000001101110
1
000001100111
1
00



